JEVEES_list:
1788.8776041666677,1784.1015624999995,1784.1015624999995,1666.6015624999998,1666.6015624999998,1666.6015624999998,1666.6015624999998,1666.6015624999998
Optimal_list:

Inproved_PP_list:
1983.0,1983.0,1983.0,1833.0,1833.0,1833.0,1687.5,1687.5
intra_DC:
1650,1650,1650,1650,1650,1650,1650,1650
intra_ununiform_list:
1800.5,1800.4999999999995,1800.4999999999995,1800.4999999999995,1800.4999999999995,1800.4999999999995,1687.5,1687.5
F1B1_list:
2179.000000000002,2179.000000000002,2179.000000000002,2179.000000000002,2179.000000000002,2179.000000000002,2179.000000000002,2179.000000000002
