JEVEES_list:
1801.5078125000002,1711.5468750000032,1705.1601562500002,1693.7734375000061,1684.3300781250002,1681.6640624999995,1679.8867187500032,1678.6171875000048,1677.6650390625002,1676.92447916667,1676.3320312500073,1675.8473011363685,1675.4433593750061,1675.1015625000002,1674.8085937500036,1674.554687500004
intra_ununiform_list:
1859.500000000001,1814.3333333333335,1802.1666666666667,1791.166666666666,1785.7499999999995,1782.4999999999995,1780.333333333333,1778.7857142857138,1782.0416666666667,1778.5555555555557,1777.1666666666667,1776.136363636363,1774.9166666666667,1774.5000000000002,1774.142857142857,1773.8333333333335
Inproved_PP_list:
2172.0000000000023,1995.3333333333333,1950.0000000000023,1825.3333333333335,1818.2500000000002,1815.0,1812.8333333333333,1811.2857142857142,1810.1250000000002,1843.6666666666656,1828.500000000001,1816.090909090909,1805.7500000000007,1797.000000000001,1789.4999999999993,1783.0000000000016
intra_DC:
1650,1650,1650,1650,1650,1650,1650,1650,1650,1650,1650,1650,1650,1650,1650,1650
F1B1_list:
3186.000000000003,2669.6666666666674,2420.500000000002,2171.3333333333326,2046.7500000000014,1971.999999999999,1922.1666666666674,1886.5714285714282,1859.8750000000007,1839.1111111111095,1822.5,1808.90909090909,1797.583333333334,1788.0000000000007,1779.7857142857133,1772.6666666666677


1815
1782
1681